%YAML:1.0
---
width: 1632
height: 918
K: !!opencv-matrix
   rows: 3
   cols: 3
   dt: d
   data: [ 1.2959971989387534e+03, 0., 8.1413716183185136e+02, 0.,
       1.2945333983384533e+03, 4.5792994356734590e+02, 0., 0., 1. ]
D: !!opencv-matrix
   rows: 8
   cols: 1
   dt: d
   data: [ 9.3077855240255108e-02, -9.0775577853137682e-02,
       1.2236128370013012e-03, 2.9204642334692611e-04,
       -2.9912669044710016e-01, 0., 0., 0. ]
